1          2         467       2         400       
2          A2        23        3         100       
3          A3        67        4         100       
4          A4        104       5         100       
5          A5        78        6         100       
6          A6        630       7         500       
7          A7        92        7         100       
8          A8        162       6         100       
9          A9        401       5         200       
10         A10       276       4         200       
11         B1        400       3         400       
12         B2        989       2         400       
13         B3        194       1         100       
14         C1        495       8         200       
15         C2        287       9         200       
16         C3        88        11        100       
17         C4        933       12        500       
18         C5        56        13        100       
19         D1        786       14        600       
20         D2        237       15        100       
